    acidity  volatility level  citric level  sugar concentration  chloride  sulfur  sum of sulfur  density level    PH  sulphate quantity  alcohol level  quality        group quality_label
0      8.09            0.3593         0.509                14.80     0.024    47.0          130.0         0.9374  3.51              0.700           6.20        5    red label           low
1      7.79            0.1493         0.209                 4.40     0.032    27.0           89.0         0.9329  3.79              1.020           8.10        8    red label          high
2     12.40            0.7550         0.140                10.85     0.493    46.0           86.0         0.9993  3.96              0.623           9.45        7  black Label        medium
3      9.09            0.1993         0.309                 4.45     0.012     4.0           38.0         0.9308  3.39              0.810           9.50        6    red label           low
4     13.20            0.6400         0.280                 2.05     0.482    15.0           34.0         0.9966  3.90              0.743           9.65        6  black Label           low
5     11.80            0.4500         0.500                 1.95     0.489    24.0           64.0         0.9959  3.95              0.883          10.35        7  black Label        medium
6      7.49            0.2093         0.179                11.50     0.026    47.0          185.0         0.9362  3.49              0.790           6.40        7    red label        medium
7     10.50            1.1700         0.060                 1.55     0.465    47.0           88.0         0.9938  4.26              0.583          10.55        5  black Label           low
8      7.59            0.1993         0.309                 4.30     0.031     9.0          117.0         0.9351  3.82              0.720           7.50        5    red label           low
9     13.70            1.4800         0.020                 1.85     0.501     9.0           15.0         0.9964  4.04              0.593          10.95        6  black Label           low
10    13.00            0.6500         0.380                 6.25     0.491    23.0          105.0         0.9978  3.86              0.903          10.55        6  black Label           low
11     7.39            0.1493         0.459                17.50     0.034    20.0          134.0         0.9380  3.38              0.650           6.60        9    red label          high
12    15.70            0.5700         0.590                 3.55     0.490    10.0           13.0         0.9971  3.55              0.733           9.65        6  black Label           low
13    13.20            0.8400         0.240                 2.05     0.504    24.0           97.0         0.9961  3.82              0.583           9.55        6  black Label           low
14    11.10            0.6500         0.110                 2.45     0.469    23.0          102.0         0.9937  4.14              0.733          13.05        6  black Label           low
15    13.00            0.6400         0.220                 2.75     0.752    14.0           17.0         0.9968  3.72              1.003          10.55        7  black Label        medium
16     7.79            0.1293         0.489                 3.90     0.126    31.0          107.0         0.9330  3.45              0.630           6.60        7    red label        medium
17     8.09            0.1093         0.259                 4.40     0.022    24.0           62.0         0.9298  3.66              0.620          10.20        8    red label          high
18     9.29            0.0693         0.239                 4.10     0.021     0.0           22.0         0.9334  3.87              0.650           7.70        5    red label           low
19     7.99            0.1993         0.259                23.70     0.024    38.0          145.0         0.9410  3.40              0.700           6.30        6    red label           low
20    12.30            0.9350         0.020                 2.55     0.524    20.0           33.0         0.9966  4.03              0.653          10.75        7  black Label        medium
21    14.40            0.7700         0.210                 4.05     0.590    57.0          151.0         0.9986  3.68              1.033           9.25        6  black Label           low
22     7.79            0.2093         0.299                25.00     0.027    41.0          142.0         0.9410  3.33              0.750           6.20        7    red label        medium
23     7.29            0.2693         0.229                 7.60     0.013    12.0           55.0         0.9317  3.78              0.830           9.50        6    red label           low
24    12.90            0.8500         0.020                 2.05     0.496    17.0           37.0         0.9978  4.02              0.663           9.45        6  black Label           low
25     7.39            0.2193         0.339                 6.60     0.176    68.0          158.0         0.9342  3.41              0.630           6.60        6    red label           low
26    13.30            0.7100         0.210                 1.95     0.524    18.0           50.0         0.9964  3.70              1.033           9.55        6  black Label           low
27     8.79            0.1693         0.219                15.20     0.033    35.0          113.0         0.9384  3.41              0.790           6.30        9    red label          high
28     7.39            0.1793         0.219                 8.50     0.028    34.0          151.0         0.9350  3.59              0.930           6.70        7    red label        medium
29    12.70            0.6400         0.260                 2.35     0.490    11.0           39.0         0.9960  3.84              0.583           9.45        6  black Label           low
30     7.39            0.2293         0.349                 6.50     0.176    69.0          155.0         0.9342  3.42              0.640           6.60        6    red label           low
31    13.10            0.7000         0.230                 2.35     0.491    13.0           31.0         0.9964  3.79              0.653           9.75        6  black Label           low
32     6.99            0.1193         0.159                15.40     0.027    43.0          122.0         0.9372  3.70              0.610           6.40        6    red label           low
33    13.00            0.7800         0.140                 5.25     0.531    56.0          113.0         0.9983  3.77              0.873           9.45        6  black Label           low
34     7.49            0.3543         0.299                16.10     0.017    52.0          216.0         0.9379  3.63              0.820           6.50        7    red label        medium
35    13.80            0.6900         0.300                 2.05     0.497    17.0           43.0         0.9978  3.90              0.713          10.05        7  black Label        medium
36    15.60            0.4600         0.460                 2.45     0.500    28.0           49.0         0.9988  3.83              0.773           9.75        7  black Label        medium
37     8.09            0.2493         0.139                16.10     0.029    45.0          179.0         0.9380  3.50              0.740           6.30        6    red label           low
38    12.60            0.8300         0.020                 2.35     0.493    18.0           25.0         0.9969  3.99              0.603           9.35        6  black Label           low
39    13.80            0.8650         0.170                 1.95     0.509    16.0           55.0         0.9968  3.74              0.873           9.55        6  black Label           low
40     7.59            0.1693         0.169                18.80     0.014    39.0          163.0         0.9382  3.64              0.760           6.70        7    red label        medium
41    13.20            0.7700         0.060                 3.95     0.504    31.0           48.0         0.9978  3.85              0.633           9.55        6  black Label           low
42    14.30            0.5600         0.660                 2.35     0.513    15.0           45.0         0.9986  4.05              0.763          10.55        6  black Label           low
43    11.80            0.5400         0.180                 1.55     0.500    17.0           26.0         0.9955  3.85              0.663           9.35        6  black Label           low
44    12.90            0.6500         0.490                 2.15     0.506    27.0           76.0         0.9970  3.87              0.673           9.15        6  black Label           low
45     7.79            0.2093         0.299                25.00     0.027    41.0          142.0         0.9410  3.33              0.750           6.20        7    red label        medium
46    12.40            0.6400         0.120                 2.45     0.494    18.0           33.0         0.9959  3.93              0.683          10.25        7  black Label        medium
47    14.40            0.7600         0.510                 2.15     0.690    29.0          113.0         0.9972  3.63              1.123           9.35        6  black Label           low
48    13.40            0.5800         0.230                 1.75     0.526    16.0           40.0         0.9966  3.68              1.013           9.55        6  black Label           low
49    12.90            0.7700         0.070                 2.05     0.488    30.0           45.0         0.9961  3.93              0.673          11.55        7  black Label        medium
combined dataset:      acidity  volatility level  citric level  sugar concentration  ...  alcohol level  quality        group  quality_label
0       8.09            0.3593         0.509                14.80  ...           6.20        5    red label            low
1       7.79            0.1493         0.209                 4.40  ...           8.10        8    red label           high
2      12.40            0.7550         0.140                10.85  ...           9.45        7  black Label         medium
3       9.09            0.1993         0.309                 4.45  ...           9.50        6    red label            low
4      13.20            0.6400         0.280                 2.05  ...           9.65        6  black Label            low
..       ...               ...           ...                  ...  ...            ...      ...          ...            ...
396    13.20            0.8200         0.250                 2.25  ...           9.55        6  black Label            low
397    13.30            0.5600         0.700                 1.85  ...           9.35        6  black Label            low
398     8.39            0.1693         0.189                13.10  ...           7.00        8    red label           high
399     7.39            0.5243         0.039                 8.20  ...           6.50        8    red label           high
400    13.60            0.6950         0.200                 2.05  ...           9.05        7  black Label         medium

[401 rows x 14 columns]